1000 1500
329 752 53
699 883 12
902 987 42
769 789 82
317 358 73
113 227 45
354 492 66
567 671 51
319 420 66
106 796 67
455 677 31
80 860 68
307 384 92
774 921 11
834 868 64
729 950 48
131 883 27
347 711 84
418 522 53
69 282 66
425 480 18
731 994 85
256 569 66
202 883 55
650 896 50
492 691 78
482 702 36
138 585 42
598 953 6
308 679 39
629 673 51
830 854 58
14 510 91
937 981 6
425 428 19
213 758 11
577 613 27
86 769 86
809 839 79
297 425 28
83 934 22
830 945 2
74 476 14
637 783 70
591 741 22
903 915 37
16 17 6
242 488 95
84 873 79
945 958 15
887 936 20
437 986 95
987 994 81
844 940 14
223 401 3
928 965 65
761 821 77
911 978 82
813 947 39
118 183 79
806 980 15
663 901 35
45 277 60
592 751 5
309 602 9
754 779 7
593 881 75
312 644 67
854 968 83
869 907 28
887 959 76
317 587 87
910 954 96
258 826 40
206 820 14
141 644 47
959 970 65
917 965 15
429 570 41
629 741 20
836 902 71
188 329 49
152 570 5
795 815 17
150 657 13
756 872 76
77 925 97
270 443 59
992 998 14
794 874 84
687 689 6
347 986 35
975 977 51
67 259 34
964 981 71
177 368 46
675 797 89
525 727 54
205 718 50
521 908 18
180 745 9
793 850 51
255 511 33
533 559 46
701 977 11
905 919 97
139 569 98
809 890 52
908 930 43
40 124 79
101 875 86
799 854 72
757 969 14
842 982 73
888 967 84
92 481 14
487 620 28
726 903 75
916 971 21
349 784 29
655 885 16
381 995 12
986 999 58
16 214 84
248 865 24
987 993 23
859 963 80
551 848 77
211 457 15
891 1000 7
959 998 9
667 823 71
504 972 60
688 747 88
400 419 82
77 313 92
365 658 94
254 950 90
547 632 49
934 943 68
651 909 26
736 759 26
960 995 22
456 767 33
380 693 12
902 956 74
688 893 78
628 629 49
28 321 43
746 753 34
78 771 84
281 486 48
405 752 55
78 310 55
541 660 75
225 513 62
892 964 59
841 868 3
802 965 50
987 995 96
607 946 88
723 732 79
821 922 77
141 870 97
640 937 99
545 593 52
329 538 6
225 454 91
944 962 13
499 567 53
991 993 95
693 785 20
578 816 4
378 778 96
60 639 50
44 81 44
187 534 93
385 799 26
107 893 32
556 641 51
715 997 59
497 959 2
17 147 97
61 159 59
307 465 32
215 562 5
231 766 21
585 816 33
628 880 46
113 664 58
322 365 9
338 567 78
505 830 29
551 951 78
597 692 98
601 786 59
910 960 24
518 697 20
885 982 15
300 452 21
687 935 16
778 938 13
333 338 23
335 636 24
547 644 89
629 698 85
7 466 80
768 770 97
874 895 99
973 989 45
822 936 7
920 936 91
501 874 93
56 359 20
292 995 61
978 980 61
934 991 16
124 153 18
764 852 55
908 969 41
132 483 84
610 617 60
351 489 98
559 971 83
395 675 14
485 501 23
336 533 50
824 857 50
490 936 79
181 322 56
16 529 32
310 582 7
24 857 49
171 447 26
953 960 84
509 738 55
551 786 74
965 984 10
209 948 32
457 701 71
117 226 98
339 559 59
968 972 2
252 832 78
729 978 17
273 856 45
686 809 62
999 1000 100
240 866 19
830 940 31
596 656 31
231 332 70
477 694 4
329 770 97
943 956 40
431 849 32
803 826 27
24 406 99
109 276 97
297 651 58
742 765 41
34 574 49
998 999 24
651 732 17
779 967 91
103 775 47
884 987 30
909 933 61
220 412 78
956 959 87
206 953 18
55 84 76
315 398 11
574 629 66
163 781 82
580 636 12
512 804 97
725 981 41
798 905 62
329 342 51
628 648 64
252 592 49
436 461 21
220 684 57
837 901 74
128 147 46
378 620 14
938 966 63
347 865 66
675 854 35
444 821 16
136 464 14
572 770 52
689 974 38
667 912 97
958 985 38
329 696 65
859 946 97
340 556 67
959 974 92
872 963 60
890 910 65
889 965 36
795 861 55
520 810 52
112 552 89
211 637 93
69 260 59
314 565 84
77 617 70
597 824 71
852 992 33
343 988 19
198 218 5
433 917 84
675 758 37
797 952 21
112 459 100
121 816 93
972 979 26
914 995 24
397 638 21
500 621 38
229 443 57
477 778 88
600 723 100
24 159 72
702 775 34
431 436 22
160 386 36
383 847 83
553 672 5
156 901 16
610 906 84
316 933 81
371 445 3
3 76 15
728 736 66
304 658 35
132 907 22
698 915 27
243 614 12
405 832 9
512 524 2
121 642 75
819 946 70
646 884 69
704 736 90
394 467 70
897 918 84
822 850 29
244 495 62
494 615 54
948 952 46
221 590 44
36 779 79
852 921 46
367 703 64
975 976 70
818 911 50
448 602 95
992 996 50
694 863 49
812 922 44
895 963 27
824 945 32
861 934 18
203 516 29
514 940 43
975 978 51
875 920 93
162 808 58
684 999 11
936 968 61
364 750 21
26 789 66
406 455 3
674 799 13
873 911 78
364 706 97
532 833 28
433 968 51
423 797 54
138 723 26
181 628 96
934 953 8
244 968 29
328 450 82
180 639 56
572 921 91
347 649 87
414 940 91
293 423 21
523 993 72
590 942 95
267 736 6
889 946 64
384 579 27
506 638 89
202 661 71
368 966 40
461 779 48
238 931 66
623 630 62
24 79 48
948 992 73
946 966 51
698 890 14
182 686 66
653 654 16
870 970 76
42 835 28
732 821 86
245 544 96
838 913 63
418 861 24
957 989 88
742 906 17
298 615 27
214 337 73
203 708 29
698 980 68
907 916 76
804 994 74
482 596 15
735 976 100
688 795 44
280 961 94
759 994 3
680 865 11
69 823 25
289 354 98
376 946 83
65 600 19
35 100 50
648 999 79
659 887 95
437 532 88
139 518 38
781 985 56
913 938 16
488 741 35
276 837 48
19 131 55
165 453 60
346 616 1
369 999 89
654 935 93
530 711 47
96 627 51
212 537 97
964 971 68
634 644 57
556 599 38
468 926 33
41 441 91
928 934 71
774 807 35
423 508 15
94 894 82
644 725 60
389 976 88
289 910 80
875 971 74
757 878 99
641 739 77
118 772 84
744 864 95
557 849 7
308 570 6
368 512 38
290 443 30
132 804 87
844 857 73
501 791 28
3 633 49
274 483 42
206 509 12
277 976 6
213 417 11
141 267 62
793 939 2
724 884 34
743 980 30
847 880 79
951 983 29
764 967 76
174 250 32
267 654 30
99 743 91
22 211 41
130 684 5
769 836 86
600 702 42
45 287 27
123 730 5
723 743 15
102 720 57
84 223 4
65 276 33
314 805 94
517 661 78
548 568 52
789 811 19
69 791 51
134 873 97
499 685 57
347 922 83
799 991 71
299 527 17
543 613 57
605 704 57
796 858 82
813 948 9
168 559 18
573 649 8
965 988 84
535 900 74
868 940 56
208 924 21
780 990 12
651 924 7
15 225 32
598 797 11
288 502 40
200 391 73
858 876 83
72 626 35
807 859 25
734 756 40
842 972 47
558 773 78
350 818 36
33 95 53
920 924 97
690 968 5
741 816 90
600 776 79
428 444 87
217 366 66
113 576 23
944 996 40
606 925 59
461 644 88
27 533 32
289 830 84
403 993 54
894 925 30
800 988 41
625 740 41
292 937 15
504 727 5
54 392 15
385 418 20
59 177 26
360 383 28
530 580 29
82 373 88
610 669 74
18 230 38
380 750 67
804 884 88
296 643 51
325 999 52
521 739 2
523 903 68
346 464 72
993 994 8
121 139 41
781 837 99
637 893 95
200 392 15
159 448 19
143 800 42
893 990 94
819 989 79
398 500 12
653 915 94
396 986 38
863 979 88
628 667 1
719 768 10
629 797 70
910 955 17
763 930 40
644 988 48
681 977 6
627 744 63
274 728 78
778 813 13
451 995 36
820 896 52
330 461 42
403 995 32
546 653 4
960 997 69
842 923 3
102 358 3
905 974 29
336 389 46
77 607 36
899 937 64
823 963 61
43 93 68
458 994 62
607 862 56
23 712 33
893 912 20
707 850 32
227 698 36
429 647 10
420 430 12
264 973 23
424 934 29
962 976 89
32 140 81
850 858 83
101 435 13
981 991 69
112 899 41
463 543 4
127 607 1
567 730 25
187 902 17
490 746 100
642 787 33
639 919 94
136 665 90
316 326 72
841 986 41
566 813 11
688 703 85
943 970 71
790 883 15
474 589 8
724 756 99
659 725 21
625 684 56
367 760 73
412 944 83
270 542 85
881 905 67
229 491 54
204 468 48
279 998 82
600 897 56
589 837 7
486 994 51
636 923 18
109 521 10
341 828 88
263 742 64
479 779 6
149 483 47
103 160 64
356 688 45
856 870 1
416 848 19
276 903 52
858 1000 70
730 930 24
158 471 74
444 634 71
569 994 73
686 846 90
234 696 93
325 341 63
712 740 10
370 441 67
40 544 43
441 860 52
78 120 78
951 1000 80
808 892 36
397 559 51
755 961 34
564 587 50
538 583 16
418 793 3
737 889 61
354 738 64
831 890 52
991 994 66
361 739 9
176 561 26
14 628 77
906 960 86
873 928 75
163 745 92
456 703 26
5 139 11
851 998 54
818 976 87
419 437 4
624 769 41
989 1000 19
803 878 53
630 950 37
190 284 72
572 803 82
366 704 60
942 972 95
209 227 58
954 975 59
460 725 29
896 944 53
72 119 74
726 788 27
177 847 25
388 869 35
290 665 61
97 118 73
662 878 74
292 783 88
400 681 76
636 753 30
655 849 7
203 545 76
119 718 24
442 466 81
56 893 96
291 639 69
358 877 58
775 989 8
411 834 38
831 913 40
275 426 66
779 870 8
619 716 33
287 751 89
414 474 8
453 864 21
739 966 3
966 970 59
909 955 100
188 258 3
101 506 38
37 989 66
877 986 80
402 852 64
977 998 40
743 873 55
12 370 56
540 713 38
966 971 53
898 952 72
190 485 85
249 778 92
207 570 58
811 900 85
790 891 78
43 397 79
548 705 32
161 755 40
126 244 23
375 408 87
214 218 92
810 955 62
102 439 51
550 748 23
388 475 56
197 938 87
848 852 78
299 521 32
444 455 25
593 637 88
483 711 40
174 506 43
486 817 34
674 837 7
791 909 11
414 997 4
128 521 1
198 314 15
325 619 50
513 730 84
492 903 39
580 658 39
164 394 29
232 461 70
814 877 53
679 815 32
699 829 54
604 980 30
613 772 28
533 796 46
701 775 55
61 681 69
691 932 67
624 835 21
67 138 95
794 986 69
746 798 52
556 748 82
796 847 70
765 771 14
421 882 52
163 693 79
186 720 63
736 814 62
156 603 36
207 617 4
278 358 85
708 746 88
635 806 25
319 626 50
108 791 1
643 981 85
835 859 91
351 827 67
560 810 89
532 701 69
786 893 33
797 965 78
66 876 83
298 758 26
999 1000 10
623 872 6
790 803 80
840 870 21
418 889 17
546 617 84
754 805 37
34 692 72
211 629 57
403 980 3
7 621 12
831 982 100
885 967 60
116 278 40
485 680 99
819 899 72
999 1000 55
336 356 28
141 728 58
65 431 34
789 992 84
891 999 94
297 859 32
208 967 36
358 895 19
299 650 11
385 470 86
838 858 71
241 276 99
551 790 55
65 863 56
65 482 77
731 835 49
732 988 66
734 908 57
189 786 91
103 207 27
938 1000 33
647 761 94
718 881 90
683 763 46
832 922 90
673 991 17
723 864 75
462 546 21
94 388 96
740 894 88
198 772 85
186 625 76
355 939 48
286 754 2
164 719 21
829 886 86
568 594 23
991 994 24
582 958 25
901 907 35
603 629 36
962 968 84
164 909 3
672 921 85
224 434 14
601 923 78
498 805 67
848 965 29
888 896 97
211 651 24
156 923 57
402 659 93
354 723 1
212 512 30
158 917 93
558 828 76
997 999 95
857 860 81
287 726 48
681 793 83
406 590 58
606 762 58
308 608 88
624 637 52
124 779 82
878 997 40
960 969 17
97 456 3
207 692 44
396 683 96
270 643 8
944 955 55
786 839 32
495 914 84
158 789 91
56 291 28
485 780 46
810 838 33
752 991 98
941 970 47
889 956 33
415 737 76
420 822 56
374 762 3
485 642 86
279 783 1
654 924 2
832 929 33
296 564 58
151 894 47
933 988 17
743 948 22
529 722 78
75 161 83
628 737 36
437 594 22
564 933 11
551 817 41
497 657 62
385 482 16
414 787 36
401 590 90
771 886 98
144 340 19
72 430 1
856 890 57
136 501 40
612 633 4
451 727 81
42 71 8
272 594 48
392 611 89
945 1000 97
146 493 86
284 446 88
956 968 6
588 844 91
773 941 80
692 726 54
793 987 92
252 525 29
2 28 95
221 292 32
152 239 78
999 1000 17
425 948 99
327 838 47
503 680 14
454 484 64
641 873 77
306 742 34
82 419 51
560 892 13
977 980 9
216 858 3
528 594 55
490 757 29
50 83 24
909 947 25
450 512 23
476 543 46
703 876 11
516 643 35
41 809 95
525 919 40
690 840 71
332 791 59
3 31 20
207 822 99
642 759 82
713 745 16
617 965 72
684 810 43
361 574 36
747 807 31
418 897 100
397 645 61
471 501 78
90 705 7
571 648 63
29 197 10
367 903 11
943 947 45
995 996 47
439 824 29
227 430 55
390 690 50
922 954 14
603 824 14
46 740 35
52 348 84
146 875 60
399 983 2
254 942 42
967 976 11
703 907 85
789 921 63
260 792 95
757 774 29
910 952 34
304 807 69
58 402 50
588 992 69
936 952 86
186 573 17
273 463 81
668 806 91
949 1000 56
745 795 7
729 854 70
927 976 24
568 901 60
429 604 71
21 370 38
133 452 35
687 858 93
584 730 38
25 930 75
586 888 35
168 307 39
973 975 6
135 856 52
758 870 14
690 759 76
629 976 31
410 460 80
567 568 23
570 651 12
759 885 1
838 939 84
958 970 91
992 994 84
832 896 73
295 339 30
106 287 99
649 899 72
82 294 94
586 600 23
745 859 22
809 832 70
470 497 26
645 869 14
508 868 13
914 974 86
746 983 22
716 739 52
808 914 58
213 981 46
597 735 68
508 938 76
2 168 28
14 508 32
801 974 2
145 642 34
198 293 3
160 413 69
996 998 78
973 996 79
161 638 18
39 288 100
814 928 4
945 957 48
371 791 72
253 820 68
568 575 42
234 247 67
730 898 78
557 571 5
112 570 8
67 93 50
133 905 100
954 988 11
364 393 68
685 979 83
801 811 100
668 747 36
981 998 32
155 788 64
745 912 46
544 790 27
182 311 63
736 962 85
522 586 30
358 486 57
812 926 14
480 851 80
188 790 48
583 893 1
323 601 60
361 450 25
659 848 40
494 973 52
735 955 51
593 888 87
45 880 80
862 864 84
970 995 94
845 997 63
593 599 70
228 542 2
475 957 64
69 692 16
352 507 53
591 730 82
133 221 28
237 675 25
492 794 67
417 912 49
324 636 14
453 987 96
853 910 20
284 316 36
484 896 72
559 567 10
339 685 72
88 644 27
435 766 57
879 885 36
173 886 79
299 879 76
87 908 1
915 938 64
719 925 32
643 753 35
27 938 88
75 138 93
219 245 53
294 660 11
793 809 67
917 923 3
846 959 50
97 640 2
63 860 94
690 992 77
554 656 35
307 413 12
110 623 35
491 918 75
183 657 33
879 980 45
452 736 35
286 843 11
9 80 71
157 197 31
355 760 63
569 699 35
295 540 14
352 986 83
248 257 72
289 528 24
306 725 49
932 968 76
286 799 6
169 324 15
671 883 57
803 948 65
684 967 99
440 882 89
80 459 25
823 827 32
911 946 20
924 990 50
978 996 11
445 994 89
782 785 40
130 722 62
94 780 93
601 747 39
39 856 66
305 551 19
878 907 33
875 900 33
299 900 66
590 780 45
610 853 39
553 629 61
188 213 52
906 915 47
628 646 37
20 767 17
659 840 27
803 843 39
878 998 22
267 891 88
904 961 30
14 548 68
315 445 45
668 745 5
468 916 22
758 980 56
894 924 74
79 336 9
691 975 96
322 529 46
933 971 56
847 981 80
375 967 31
88 867 28
303 716 86
352 792 53
244 556 62
282 679 85
444 624 30
365 625 6
764 908 4
575 674 29
177 941 3
125 964 87
21 916 20
898 985 86
391 660 90
698 742 57
493 799 97
24 939 57
980 995 58
222 857 30
242 547 19
380 983 23
664 896 79
409 974 58
481 606 8
871 978 7
170 485 61
116 502 76
107 267 19
921 976 96
881 1000 42
391 757 91
373 849 53
287 792 12
137 586 9
461 860 25
440 666 41
25 545 56
538 730 23
464 584 63
756 932 28
852 866 56
80 123 36
981 986 42
518 632 92
337 383 29
50 389 100
804 906 86
812 920 77
928 986 37
330 658 38
221 511 94
765 799 75
253 319 58
294 917 70
275 569 43
285 364 92
11 938 23
313 718 82
516 730 96
691 693 17
517 673 45
198 328 3
932 942 25
622 949 28
519 675 11
554 771 63
532 835 96
537 881 75
927 985 22
910 993 52
818 927 39
216 945 56
234 844 69
680 937 40
16 586 8
319 386 58
82 988 97
787 890 48
776 838 50
707 909 76
947 971 59
723 886 67
396 490 36
733 999 26
930 981 28
780 886 8
248 738 46
153 564 50
285 914 98
485 740 100
496 759 33
481 784 90
726 792 29
88 837 73
50 169 48
144 227 58
623 943 97
129 556 10
831 988 96
676 942 93
960 968 62
375 570 79
572 981 11
820 859 62
816 929 34
179 899 77
305 707 12
550 756 100
549 645 93
101 438 93
546 919 39
110 278 95
866 872 73
113 532 28
708 829 87
753 983 38
121 736 69
512 575 69
632 707 48
685 888 66
980 986 92
287 438 30
419 465 91
470 669 5
483 945 32
143 482 88
984 997 53
898 960 45
752 941 89
550 575 49
340 965 10
251 753 12
514 674 22
857 895 18
300 384 15
165 891 36
911 986 32
440 661 68
199 412 19
153 539 35
699 766 93
548 637 30
438 725 43
74 239 66
966 969 74
869 992 11
751 897 90
370 830 70
245 806 39
877 934 17
635 673 26
991 999 41
736 965 52
97 350 22
13 378 12
46 671 70
672 684 70
438 619 25
649 907 39
101 740 54
429 544 47
924 926 4
740 846 47
320 780 51
400 968 52
220 329 64
422 497 100
680 744 98
157 793 54
935 996 15
599 937 74
22 533 41
446 829 66
738 793 98
427 614 67
677 736 90
536 667 36
591 856 25
256 456 24
65 466 60
793 885 91
670 927 2
16 690 48
495 530 75
819 822 75
387 442 83
85 340 96
278 885 67
352 982 84
555 938 9
395 397 61
540 847 42
424 538 45
647 818 2
707 776 50
237 691 65
628 843 98
847 999 90
28 289 70
249 639 2
12 562 57
328 901 81
163 512 74
733 950 7
730 996 92
87 213 89
193 762 77
789 896 61
655 904 6
584 814 81
831 855 29
995 997 63
261 787 46
106 325 66
67 571 66
48 778 28
624 805 62
91 972 21
718 918 34
109 486 67
217 560 17
174 362 84
239 697 9
104 607 6
187 862 79
658 732 72
980 990 34
86 823 28
462 822 66
319 886 75
895 923 44
783 829 54
627 795 80
84 383 47
369 779 41
947 977 35
567 756 77
954 969 1
421 518 11
714 998 76
990 1000 30
199 261 44
263 484 9
861 987 29
616 731 27
787 840 9
50 908 8
504 657 2
254 610 87
150 379 8
968 995 72
125 292 79
75 646 51
412 580 46
203 750 22
926 974 67
644 749 36
553 788 26
533 888 92
191 925 90
437 998 97
9 448 95
492 684 38
267 809 44
18 619 15
454 701 100
89 563 23
436 850 44
687 969 7
901 913 86
307 566 96
950 969 29
318 534 93
157 511 47
117 308 88
657 798 76
640 839 12
564 906 57
216 878 21
608 713 27
231 874 48
153 191 64
939 987 90
267 870 86
62 980 40
379 632 17
672 723 46
640 972 52
180 932 47
227 465 44
