50 75
15 18 10
28 36 64
29 45 22
24 49 66
3 35 48
31 48 15
14 29 20
48 49 60
40 42 80
42 50 40
2 23 10
1 48 98
21 28 86
5 27 99
21 26 30
17 28 46
24 50 34
15 31 100
13 37 47
32 33 74
25 34 12
8 29 60
20 37 93
25 50 5
26 31 18
26 35 26
34 45 92
26 44 51
10 20 70
25 28 85
26 46 58
28 39 51
23 35 66
23 43 45
35 43 76
7 45 76
33 41 58
21 42 44
36 37 86
23 41 51
44 50 37
4 12 60
26 30 29
26 39 20
6 30 15
35 47 91
32 34 32
7 34 46
17 25 14
41 45 82
25 27 92
10 17 11
20 48 7
32 46 56
8 49 31
12 32 23
42 48 87
35 41 19
35 49 6
25 47 46
38 42 60
46 50 50
2 41 96
29 47 59
9 20 1
26 27 15
2 25 93
34 46 81
40 45 31
27 49 67
39 50 53
12 19 11
43 48 15
38 40 54
45 49 26